-416
247
0
127
473
0
51
1991
-348
14941
0
0
0
0
1268
-148
-40784
390
235
444
-40941
0
-412
0
-41135
-122
1091
-2156
0
39
-559
39
478
-40784
0
225
-24194
0
-1569
-106
0
0
0
312
54
-9465
-79
-2031
39
0
0
-1299
-6680
1197
-63
-34
38
39
-211
0
0
-217
4389
0
43
1168
0
39
39
60
0
359
372
37
-538
0
0
-1223
-526
0
0
-817
202
0
65
0
0
-690
0
356
964
35
30
0
250
0
0
0
330
1
351
-101
-5192
0
0
-1100
39
46
0
0
-289
582
0
954
79
51
-87
-5577
-1821
-40834
-329
0
0
-305
0
48
108
50
249
69
-40832
0
62
0
0
82
1348
62
0
0
-73
40
0
816
0
0
39
-379
0
376
966
0
-526
51
1887
1018
-78
0
285
-1788
0
0
1130
0
-526
0
0
0
-146
454
-1905
156
0
0
0
-3413
73
312
0
258
0
-77
255
0
69
20594
-26246
69
-148
256
312
-3015
0
422
-930
304
53
83
259
23
0
347
0
0
341
0
349
0
2375
0
-915
37
303
-448
0
0
0
79
-148
-79
30
0
-24035
0
3454
11313
47
0
28
0
-16030
50
75
0
0
2838
-101
-40865
61
-237
0
346
-214
-478
2828
126
494
0
80802
0
-373
25
0
53
337
0
0
2065
0
0
0
188
39
-1847
-2002
183
1
1003
230
0
58
39
286
60
0
-2495
0
364
0
-179
0
-1500
0
-431
356
0
5486
0
39
0
63
51
0
949
0
0
429
0
-21562
-32
0
-7496
-8016
176
0
0
0
0
0
0
284
-466
39
4671
123
4995
804
637
0
0
-13988
1026
0
0
0
0
0
2
0
-11355
1502
0
-415
18373
7206
-63
293
7632
45
-3290
4325
11224
-2068
0
0
0
18759
0
-299
2248
203
0
-6
0
0
0
4565
0
115
0
1188
-20
-793
0
51305
-715
-62
0
2356
0
0
33919
88011
0
5869
44
0
228
27
-97
670
-6
7
-212
0
461
0
11409
1190
-79
-513
0
-750
0
7
-5
87
6667
326
0
-8045
0
0
0
0
-604
-3046
39
0
0
0
-13
276
61
-700
92
0
0
230
0
0
0
0
39
0
642
-4003
0
-542
0
54
310
0
-970
0
5815
1133
1616
0
0
129406
-67
-125
0
71
9079
3197
446
282
2305
47
0
0
0
244
2157
1054
0
6897
52
1131
0
-15016
0
37
0
281
39
5
795
699
-15204
0
0
0
-17859
0
0
7390
0
0
0
56
-24
342
-2738
0
1434
0
223
-6178
366
51
0
0
0
0
-358
4341
1188
3781
0
48
0
2602
96
-529
90
-543
-8525
0
196
0
0
0
0
7
0
0
0
0
-731
0
-3152
0
0
0
0
0
-30169
-1037
1133
662
780
0
0
-3379
0
1092
286
75
0
0
0
0
-8023
0
0
0
0
80
355
0
0
-192
275
452
-95
471
0
3493
-11120
1225
-254
552
-224
1596
-2077
425
-11629
-79
39
423
0
-1488
359
-875
955
1829
-896
2048
254
0
-1448
0
66
107
290
-79
2164
-39188
-10461
1006
0
128
-33897
-343
0
1258
3851
438
-22
329
0
0
-61
462
243
-41285
3360
1006
478
1006
-48507
-69
253
310
-2434
2245
315
3717
0
1006
-847
0
3609
1140
-244
0
0
0
-2
-196
0
0
870
0
0
-3783
-2784
0
0
-696
0
0
3840
-43
0
780
0
0
0
539
1258
14019
2292
-82
0
-560
0
581
-887
2221
0
-16325
2229
-535
0
326
875
0
0
2230
1168
5461
-13750
-17747
0
0
-137
1027
172
-2
258
-6
148
183
-330
0
1137
350
0
122
29935
-57
775
401
1258
66
265
0
221
-493
2221
0
0
254
-5369
0
0
0
262
-126
170
-645
-79
-1030
-1488
221
2359
0
0
-517
-79
242
-79
0
0
-16387
-483
0
-93
-196
-356
1006
258
0
-626
0
371
115
0
0
1273
267
-77
460
0
-6759
0
519
1091
0
1006
-16385
1006
484
0
-41251
-1600
61
307
1006
0
-667
2632
-3323
-2514
0
-5583
-6467
2246
0
1193
0
318
949
307
0
0
0
4242
-476
970
340
-9
-126
39
-7326
-9363
901
367
-769
244
-5369
-79
-2409
416
814
211
-1691
262
-17165
0
0
-79
-79
0
-52
4203
0
-11736
0
195
3087
778
-1809
-459
-79
0
1978
-394
3635
175
315
-12159
0
-1215
-87
0
0
0
298
1006
-2940
-599
417
-288
2264
321
0
-79
-79
0
-40
1321
-603
270
7
-121
-2802
-351
0
0
0
-4937
6806
0
0
-406
0
0
247
3257
-79
-33441
0
-7435
2097
55
-325
-473
29
348
0
-508
0
-119
-435
0
0
0
0
7
355
-856
-11558
-1636
56
-15536
0
-1825
11990
0
0
39
529
0
-215
0
-282
309
372
11876
852
-932
228
-218
0
150
-365
0
0
-13
45
711
210
124
1005
4387
489
65
0
7139
70
0
-477
-9
39
473
-1255
1748
0
166
0
5
0
0
0
-12
0
851
-4355
247
0
0
1
0
13085
0
-96
61
9089
4387
27
39
1019
77
-417
-4320
7
-593
0
471
-1264
-348
365
6
1329
0
0
449
281
288
-21676
506
0
0
0
0
-1138
-52
-19
-493
-3997
-41691
0
287
-852
2928
443
242
0
0
-10899
358
0
1607
-1437
-199
