31785
26288
0
8330
10364
2171
9531
14651
30636
49549
0
0
0
3008
26928
32876
150546
18307
18769
10181
149757
0
10158
0
2
8941
34631
852
0
3830
1552
3830
31045
149496
0
20083
2693
3008
11176
43416
112
0
2
22734
3025
2506
2289
24709
2009
4240
3008
90633
13193
4216
7575
6834
2275
3830
28380
3008
0
15598
37133
0
2154
67742
0
3830
3830
2143
955
18498
18894
2235
15807
17374
0
24425
13466
0
0
44010
17483
3008
1952
3008
0
44100
0
21029
29528
7437
3908
244
19810
0
0
8275
17712
738
19774
15358
30783
5979386
0
0
3830
1945
0
0
6303
19074
3008
30461
2223
9511
18433
13193
11640
149146
27900
0
0
26181
2
2081
17134
2146
17597
2306
152496
3008
2460
3008
0
24794
27576
2381
0
0
17551
2136
2801
19780
0
0
2046
18019
3008
24352
30571
0
13564
2316
103771
28399
690
3008
4747
15642
3008
0
24683
3008
13172
0
0
0
8618
18907
16942
18253
3008
3008
3008
9485
2181
19392
3008
17647
3008
12388
18839
3008
2135
21455
56243
2186
22571
6762
19392
996
754
18501
8109
13164
2140
3361
19355
2215
0
18793
3008
3008
19722
107
17711
0
23621
0
43870
1944
28284
996
0
0
0
122595
32876
2504
2051
0
8108
0
4652
16218
2112
0
2188
3008
2693
16174
2206
0
0
26594
15742
144292
2017
9729
0
18013
5862
9295
36716
5957
32844
0
80802
0
22920
2029
3008
6708
24198
0
0
2065
5938
0
0
8096
3830
11704
11216
25501
1043
28747
5785
0
2193
3830
20857
1857
0
26355
212
17562
5381
13424
0
19599
0
40787
18028
0
17874
0
3830
1012
1864
1971
0
8733
0
0
20953
2
78062
1803
0
18033
18886
19830
0
0
0
0
0
0
34667
21327
3830
34235
20226
45068
59660
21759
795
0
6051
19161
2171
1005
0
0
16329
4631
3008
4497
30092
0
16337
123659
48512
9952
23340
119295
1971
46457
27481
226016
4381
63
0
0
183396
0
11890
80388
20572
0
2649
0
0
7365
20181
244
10491
0
23102
25365
5944
0
193547
31311
14557
3008
79953
3008
0
118844
172730
3008
35575
1812
3008
7380
21281
17535
5150
2614
25916
12325
0
10070
0
214427
14484
2530
17320
0
32650
0
26046
1507
1990
21433
20879
0
11471
3008
0
0
2
31683
15403
3830
0
0
3008
7489
23261
2170
28133
11773
0
3008
16039
3008
0
0
3008
3830
0
16484
3442
0
13808
158
2170
22945
0
25429
2639
20270
38401
27698
0
0
426562
7989
19285
3008
2199
17434
24946
10217
29759
20109
2003
3008
0
0
22171
24617
4547
213
25349
2158
25407
0
3450
0
2188
3008
29218
3830
6618
10843
10794
5127
0
0
0
14776
0
118
17629
0
0
0
2002
5008
499
14160
0
81772
0
12213
4607
18181
8418
9352
0
0
0
19935
6187
34318
5156
0
3839
4240
103732
19917
4265
11220
24688
28289
0
35702
0
0
0
0
26131
5496
0
173
137
24439
0
11199
0
0
0
958
3008
24422
13378
46401
10488
21523
0
0
34267
0
14517
17989
2252
3008
0
0
0
10920
0
0
0
3008
11952
23880
0
2
24636
17565
17618
18738
22162
0
36151
161
20699
11848
20382
19468
18151
12203
18880
1433
2335
3830
30357
0
41643
20343
31819
25352
24037
20820
54010
23021
0
47816
0
9064
12466
16698
2407
38834
1706
67349
23264
0
8875
2720
16414
0
21340
19819
19773
9432
26256
0
0
10215
23911
18947
151063
32714
22917
18262
23642
160
33499
21518
19274
25587
38511
44332
53636
2
22837
16544
0
22758
32520
35140
2
0
0
268
23987
0
975
26605
0
17343
29762
35395
0
0
42965
0
2008
56668
12460
0
21784
0
0
0
45089
23238
97296
53995
19234
0
6989
0
15057
13566
39296
0
104339
45212
49849
622
18747
31598
0
0
18322
23057
28074
15363
15359
0
0
16995
34662
18446
258
18503
10657
11090
11078
7885
0
28759
17088
0
15532
93322
16046
5217
23194
21359
9320
22720
0
27713
18103
39228
0
0
2470
33785
0
144
0
20113
8141
10723
20999
2559
37367
42750
17778
52660
0
0
17448
3326
22021
2841
120
0
20639
12318
0
11556
23987
17577
23176
7711
0
46229
0
18459
19811
5817
961
101120
18767
2739
18838
0
3807
0
33001
32727
0
25756
104841
25300
21265
0
147494
16115
11605
19163
22141
0
2524
22074
29267
16206
0
14487
13608
52741
0
21256
0
32331
34086
25922
0
0
0
5660
27527
18064
22606
786
9536
3830
18707
76315
26663
20020
12776
26888
33785
2564
32077
29251
22949
23225
20021
18203
2774
0
0
2529
2781
0
9372
67107
0
41917
0
19125
13116
35580
6795
3462
2757
0
37183
22778
31404
10424
23808
231
0
32498
2564
0
0
0
18554
28399
33958
15873
15920
16148
53002
18774
2747
2433
2683
0
17585
32984
30851
18889
48614
22731
30748
25173
0
0
0
8121
8792
0
0
5848
2627
705
26288
14440
2212
24058
0
34427
15330
2196
24364
39169
2009
18552
0
10652
0
9682
79
3008
2
0
0
27970
23880
20095
325
14720
2200
2693
0
13324
12274
2
2747
3830
19154
3008
31565
0
30307
19612
19977
14503
8004
13605
14632
28109
0
19126
11451
0
0
3309
2221
18091
20895
3907
22000
24275
19210
2042
0
33020
2156
0
22430
41982
3830
18285
1478
31685
0
12260
0
4271
0
0
0
799
796
16519
7457
26288
0
973
978
0
19696
870
14933
2230
33688
24360
2233
3830
22077
2270
5355
7006
27885
10182
0
31789
1478
30636
20032
10848
20566
1007
987
29106
17496
18582
694
23251
0
0
2155
0
8652
23421
10066
18163
33146
152877
980
18618
9497
37478
19953
19076
0
0
21994
19379
1007
44052
10302
25036