243283
205161
0
253635
35444
9447
14436
97279
260034
259491
0
0
0
19116
61299
269212
376311
103001
113001
55797
389910
0
44048
0
95141
128428
264268
18992
0
112652
18719
458484
240799
376311
0
128346
207799
19079
70984
62599
6197
0
1172
152085
9676
39989
29176
198198
23995
20468
19761
225691
123265
24021
71331
30556
23827
98670
222166
22170
0
109799
76287
0
23646
671677
0
102143
119930
27421
20367
79101
102749
26513
34316
49251
0
117932
46389
0
0
683393
101202
19629
24559
20175
0
683457
0
128450
100686
28073
16820
300
114150
0
0
79098
100653
19050
121692
71327
1103388
5979386
0
5209
136059
19884
0
0
29331
102475
19665
289686
27164
14433
60692
110999
78309
373925
217944
0
0
532992
1598
23425
23230
22413
102766
26450
380451
18292
23772
19392
0
177852
214460
27261
0
0
81862
26090
4458
128729
0
0
18650
64073
17288
168821
232491
0
46396
21409
187425
127729
21560
20451
18330
71046
19288
0
18648
21265
46368
0
0
0
34337
126391
98607
35009
19490
20638
17652
23301
22168
122602
20691
100370
19016
63118
111712
19168
25703
3226
187213
25822
22719
73691
122602
18144
18758
110980
32548
55029
20588
13649
111145
20568
0
104065
19221
19216
124622
2487
99665
0
104322
0
683397
25850
208893
7380
0
0
0
189974
269212
29140
23681
0
94739
0
23913
1209000
19479
0
26332
19465
118679
70804
26514
0
0
524641
239722
368909
25733
167767
0
93661
32895
46606
268544
29330
256018
0
0
0
101360
18672
20324
52698
161005
0
0
0
7985
0
50113
39057
87860
80566
78148
94970
6203
219319
46650
0
23060
86736
130173
24687
0
91490
20046
99359
7352
74381
0
67894
0
117765
100799
0
103747
0
98610
46350
24467
25331
0
37124
0
0
134203
1598
893457
71064
0
106382
110418
115336
125552
125552
0
0
0
0
262724
166058
103248
232189
50460
281913
216742
60164
19109
0
94004
93458
9447
3291
133350
0
38530
29989
17713
75514
230530
0
130546
375449
185651
152041
124457
380377
20675
398676
106852
551595
34396
86952
0
0
423457
0
64145
814527
61360
0
28250
0
0
108178
97074
300
52039
0
65889
192788
38584
0
408117
241765
74879
19199
364549
20574
0
259345
212151
18573
141302
24160
18392
41968
208941
130552
30812
28216
431150
57257
0
149663
0
472348
57708
28044
110804
0
147333
0
436196
18579
25176
57747
135597
0
184957
31671
0
0
6710
268221
45083
102503
0
0
19874
48201
151834
25650
62521
74409
0
18562
78172
23486
0
0
17487
117148
0
42588
29899
0
71604
1911
21770
166086
0
165966
4458
124433
137314
116136
0
0
935496
24485
41661
18277
25945
76027
133421
41943
244734
112437
20508
19432
0
0
160388
211432
267834
1014
150930
26442
106112
0
47135
0
26428
18508
238651
101130
36039
52051
51817
71423
0
0
0
139230
0
578
61177
0
0
0
25972
30148
2085
181268
0
226887
0
100737
77264
100036
51752
0
0
0
0
130577
24100
250717
23410
0
95309
20158
322819
57447
26164
36488
155569
121681
0
139100
0
0
0
0
436196
27347
0
2777
2692
114752
0
59452
0
0
0
22403
19901
166094
61017
168404
51604
95919
0
0
193841
0
140588
103403
19648
17579
0
0
0
201561
0
0
0
19274
75037
177578
0
1598
86863
99898
88477
40822
137820
0
273655
101468
62186
63325
92375
121511
74156
77742
89688
67424
28067
138449
229682
0
157054
120671
250758
162989
90210
38339
139691
151797
0
177393
0
84199
189014
61275
29115
123430
257854
373484
56918
0
91763
274425
65215
0
195045
78606
112996
47018
183308
0
0
151399
167925
112500
384922
80503
56252
104760
56972
238767
250294
144024
120212
203283
122738
349420
160295
22496
56274
120103
0
112021
252612
273588
1162
0
0
408
111496
142633
3266
188561
0
29776
160773
463895
139205
0
310774
0
21133
521207
188429
0
96066
129042
0
0
85431
205860
230385
147942
99171
0
353397
0
54805
51427
124731
0
390919
133455
239216
6776
101456
144628
0
0
75597
84651
205225
122459
126866
180496
0
64748
222503
103753
386
105359
44145
44321
43731
139767
0
207201
78721
0
98520
260075
49875
31760
152852
195045
84199
170316
0
207183
146459
124873
0
0
18749
295853
0
56138
0
61906
49110
171913
92780
28540
178720
157039
101869
146201
0
0
62138
30553
132146
29703
42507
0
153615
38995
0
178456
111496
50844
58467
93457
0
124278
0
100451
63217
32672
3244
475443
104314
30129
103966
0
80408
0
248458
236487
0
59290
391529
58680
136243
0
376883
97762
186164
107785
55775
0
33301
897936
229976
153270
0
134199
176328
146603
0
113997
0
255289
251360
172368
0
0
0
24622
225768
112641
136911
19963
50357
85720
169597
127627
61419
118585
40792
204261
295773
29782
85668
210216
77290
161778
59550
102826
120102
0
0
29191
29504
0
24169
147726
0
165926
0
105595
52470
125812
40443
20999
30229
0
266110
155939
224543
42297
160984
49155
0
102269
28235
0
0
149292
103964
63460
489728
494970
494723
494200
146334
112438
4458
28736
28770
0
123682
260635
209513
104783
119571
108136
109120
91259
0
0
0
27142
8920
0
0
50815
1230553
3065
205161
59167
26962
203796
0
209374
95749
26952
198126
162341
25747
109228
0
82096
0
39191
31891
20172
44071
0
0
440033
177578
106072
40777
45408
27122
110714
0
49151
377
1598
4458
98391
107330
19622
98028
0
251197
104570
119253
1231625
84907
75514
95135
181543
0
118877
67099
0
0
10526
26901
501112
137727
34161
114270
429373
79439
26675
0
178908
26837
0
65742
151407
89261
101234
12828
247710
0
84754
0
88656
0
0
0
19678
15935
60957
58927
205161
0
22273
21316
0
40971
19141
116063
26739
138104
429373
26717
93380
149355
25137
50223
58507
440033
35342
0
158937
12828
260034
122195
44060
198715
3296
3264
153462
99631
104334
86826
138767
0
0
11770
0
26262
64681
178302
56448
291484
380885
3274
109340
140795
124239
105358
110720
0
0
130292
104215
3296
175040
48195
107163
