32201
26041
0
8203
9891
2171
9480
12660
30984
34608
0
0
0
3008
25660
33024
191330
17917
18534
9737
190698
0
10570
0
41137
9063
33540
3008
0
3791
2111
3791
30567
190280
0
19858
26887
3008
12745
43522
112
0
2
22422
2971
11971
2368
26740
1970
4240
3008
91932
19873
3019
7638
6868
2237
3791
28591
3008
0
15815
32744
0
2111
66574
0
3791
3791
2083
955
18139
18522
2198
16345
17374
0
25648
13992
0
0
44827
17281
3008
1887
3008
0
44790
0
20673
28564
7402
3878
244
19560
0
0
8275
17382
737
19423
15459
35975
5979386
0
1100
3791
1899
0
0
6592
18492
3008
29507
2144
9460
18520
18770
13461
189980
28229
0
0
26486
2
2033
17026
2096
17348
2237
193328
3008
2398
3008
0
24712
26228
2319
0
0
17624
2096
2801
18964
0
0
2007
18398
3008
23976
29605
0
14090
2265
101884
27381
768
3008
4462
17430
3008
0
23553
3008
13698
0
0
0
8764
18453
18847
18097
3008
3008
3008
12898
2108
19080
3008
17389
3008
12465
18584
3008
2066
861
82489
2117
22719
6506
19080
4011
754
18079
9039
12860
2087
3278
19096
2192
0
18446
3008
3008
19381
107
17362
0
21246
0
44785
1907
27981
1444
0
0
0
122516
33024
2583
2021
0
32143
0
1198
4905
2065
0
2160
3008
18723
16124
2131
0
0
23756
15843
185157
1956
9966
0
17667
6076
9773
33888
5831
32350
0
0
0
23293
2004
3008
6655
23861
0
0
0
5938
0
0
7908
3791
13551
13218
25318
1042
27744
5555
0
2135
3791
20571
1797
0
28850
212
17198
5381
13603
0
21099
0
41218
17672
0
12388
0
3791
1012
1801
1920
0
7784
0
0
20524
2
99624
1835
0
25529
26902
19654
0
0
0
0
0
0
34383
21793
3791
29564
20103
40073
58856
21122
795
0
20039
18135
2171
1005
0
0
16329
4629
3008
15852
28590
0
16752
105286
41306
10015
23047
111663
1926
49747
23156
214792
6449
63
0
0
164637
0
12189
78140
20369
0
2655
0
0
7365
15616
244
10376
0
21914
25385
6737
0
142242
32026
14619
3008
77597
3008
0
84925
84719
3008
29706
1768
3008
7152
21254
17632
4480
2620
25909
12537
0
9609
0
203018
13294
2609
17833
0
33400
0
26039
1512
1903
14766
20553
0
19516
3008
0
0
2
32287
18449
3791
0
0
3008
7502
22985
2109
28833
11681
0
3008
15809
3008
0
0
3008
3791
0
15842
7445
0
14350
158
2116
22635
0
26399
2639
14455
37268
26082
0
0
297156
8056
19410
3008
2128
8355
21749
9771
29477
17804
1956
3008
0
0
21927
22460
3493
213
18452
2106
24276
0
18466
0
2151
3008
28937
3791
6613
10048
10095
20331
0
0
0
32635
0
118
10239
0
0
0
1946
5032
157
16898
0
80338
0
11990
10785
17815
8367
9352
0
0
0
20293
1846
33130
1375
0
3791
4240
101130
19821
4794
11130
25231
36814
0
35506
0
0
0
0
26124
5496
0
173
137
25170
0
14351
0
0
0
958
3008
54591
14415
45268
9826
20743
0
0
37646
0
13425
17703
2177
3008
0
0
0
18943
0
0
0
3008
11872
23525
0
2
24828
17290
17166
18833
21691
0
32658
11281
19474
12102
19830
19692
16555
14280
18455
13062
2414
3791
29934
0
43131
19984
32694
24397
22208
21716
51962
22767
0
49264
0
8998
12359
16408
2486
36670
40894
77810
22258
0
8747
36617
16757
0
20082
15968
19335
9454
25927
0
0
10276
23449
18704
192348
29354
21911
17784
22636
48667
33568
21265
18964
28021
36266
44017
49919
2
21831
17391
0
19149
31380
35384
2
0
0
270
24183
0
975
25735
0
17343
33545
38179
0
0
43661
0
2008
52828
12503
0
21004
0
0
0
44550
21980
83277
51703
19316
0
7549
0
14476
14453
37075
0
120664
42983
50384
622
18421
30723
0
0
16092
21889
22613
29113
33106
0
0
17132
33635
18274
260
18245
10663
10942
10895
8215
0
27622
16738
0
15410
63387
16103
4442
22793
20101
9254
22455
0
27492
18596
37007
0
0
2216
39154
0
144
0
19851
8267
10553
21644
2638
38397
44238
17557
50301
0
0
17965
3405
21779
2920
120
0
37026
12801
0
11649
24183
17933
22170
7453
0
46855
0
18088
19696
5817
961
99847
18500
2816
18378
0
10566
0
32482
31636
0
24750
121226
24294
20781
0
188745
17715
11544
18856
21135
0
3191
19442
32590
18720
0
20070
20075
50495
0
20063
0
32013
33137
25615
0
0
0
1418
28003
17094
22266
795
9662
3791
26033
85678
25762
19653
13545
26644
39154
2643
34486
28835
22135
23014
21712
17941
19939
0
0
2608
2860
0
9424
62904
0
53653
0
18930
10029
34802
8604
3921
2836
0
35205
23172
27769
10249
23493
12390
0
33713
2651
0
0
0
18256
27393
36898
16472
15503
16436
50738
18453
2747
2512
2762
0
17625
31663
31454
18619
48607
22852
33550
25524
0
0
0
13058
1986
0
0
6254
2627
705
26041
11183
2291
57499
0
41862
13233
2141
24689
39642
1980
18204
0
11160
0
9801
514
3008
2
0
0
27963
23525
20951
11883
16356
2144
18229
0
15149
284
2
2747
3791
18625
3008
31780
0
30589
19303
19605
2627
7152
14537
14404
28327
0
18976
11816
0
0
3322
2176
17380
20685
3783
20995
19888
18721
1977
0
25881
2086
0
22907
41991
3791
17812
2733
29937
0
12094
0
4266
0
0
0
811
796
15668
11812
26041
0
973
977
0
6611
870
15029
2169
24599
19973
2206
3791
21058
2193
5772
11326
27878
10775
0
31318
2742
30984
19667
10842
19237
1007
987
28657
17215
18294
22370
22745
0
0
2155
0
9790
23473
10085
18656
37143
194568
980
18331
10349
34550
19510
18834
0
0
32893
19021
1007
42445
11739
25235
