275273
208110
0
279185
35847
9447
15063
81983
255369
288554
0
0
0
18904
62942
262612
307816
105942
115801
64795
321174
0
47608
0
0
127177
259407
13689
0
126110
15662
290901
244119
307816
0
130832
4458
19148
64373
62671
7125
0
1172
155171
9752
15483
28621
206581
22602
20495
19808
220561
71387
28531
71486
30552
23451
110617
217734
22008
0
115870
83168
0
24503
681010
0
114012
138171
27044
20600
79663
105380
26160
33827
50038
0
117008
46447
0
0
680630
103159
19668
24407
19964
0
680646
0
131454
94755
28172
17783
300
116526
0
0
78532
103607
19309
124576
70616
886414
5979386
0
0
99994
19708
0
0
31889
105169
19541
302274
27023
15063
60575
71387
71921
305424
212554
0
0
577374
1678
23243
23494
22233
105514
26292
311980
18362
23369
19667
0
179410
221092
26896
0
0
78278
25701
4458
123515
0
0
18260
63851
17607
171519
243241
0
46454
21156
182872
128408
21044
20065
19283
68079
19250
0
19024
20998
46426
0
0
0
32910
127219
91310
35420
19692
20851
17790
25202
21817
125571
20252
102962
18776
63212
114464
19102
25510
31672
134120
25626
22571
81206
125571
4978
19961
114305
31193
57152
20226
13720
113848
20184
0
106890
19247
19113
127580
2487
102580
0
107870
0
680609
25637
211943
4978
0
0
0
196280
262612
28638
23287
0
89624
0
36675
642274
19314
0
25942
19414
4458
73018
26350
0
0
577303
238327
300423
25360
173603
0
102627
32868
46290
294772
29470
259197
0
274386
0
101482
18262
20222
51850
163691
0
0
33304
7985
0
51339
34760
46535
73878
70907
93030
6197
230763
47639
0
23831
98163
132911
24314
0
81294
20046
102163
7352
73865
0
64634
0
118416
103694
0
67246
0
109123
45990
24097
24951
0
38756
0
0
137159
1678
799386
76971
0
89446
93528
117188
125552
125552
0
0
0
0
267888
108314
111307
273876
50584
320496
220194
79696
19347
0
36321
94247
9447
3291
139412
0
38530
29993
17722
30797
248721
0
125188
414578
199992
161342
125505
381285
20288
407674
119367
566881
22714
89619
0
0
451220
0
66304
829053
63703
0
28045
0
0
99425
128784
300
43746
0
70358
194355
39196
0
488162
235562
73533
19184
370906
20280
0
333441
390862
18275
145856
24069
18075
42403
209882
66810
35829
27935
454274
56843
0
153939
0
479908
61590
27912
102696
0
158469
0
455620
18866
25028
81159
138429
0
70657
32723
0
0
5067
255891
95295
110489
0
0
19955
46925
154683
25481
59978
74149
0
18628
76980
22338
0
0
17431
110694
0
41402
30964
0
69691
1911
21397
169158
0
169354
4458
147075
139769
118158
0
0
1336115
24398
42715
18380
25787
142895
162399
43219
247898
193253
20320
19171
0
0
163249
222448
304526
1014
177132
26074
111247
0
30980
0
26038
18585
242371
109693
36060
54969
54537
43270
0
0
0
66596
0
578
103236
0
0
0
25594
36256
1051
100217
0
232193
0
102637
51601
102878
51904
0
0
0
0
125802
37360
261686
36340
0
111573
20122
325209
1064
27360
36586
158471
93988
0
140265
0
0
0
0
455620
27347
0
2841
2755
114896
0
54236
0
0
0
22605
19455
1378
60576
170859
54254
96516
0
0
177798
0
144395
106164
19282
17558
0
0
0
70019
0
0
0
19261
73960
180439
0
1678
86895
102666
90990
41934
141563
0
281269
97776
64539
65647
94717
123938
67828
62870
92174
22136
27514
147076
232688
0
153814
123522
245900
173998
93805
36650
143853
154641
0
174269
0
84724
197166
66220
28562
124858
81391
382473
59662
0
101892
4458
64951
0
215844
86816
116056
46461
185766
0
0
156351
171269
115371
315399
92075
58778
107850
59480
1477
252180
146801
123118
210563
124213
352850
167395
22927
58778
105023
0
153652
264378
259190
1162
0
0
406
107520
127246
3266
199357
0
29776
165484
430740
123574
0
304768
0
21253
553095
196426
0
96688
137613
0
0
86173
228948
249671
152423
99640
0
349398
0
57499
51326
126354
0
342872
135265
234279
6836
104321
149361
0
0
79096
86649
250115
12490
12487
163461
0
61082
232573
106298
384
107920
41502
42452
41883
152984
0
217583
79385
0
103682
435144
49790
36844
155531
215844
84724
173275
0
209918
187054
126354
0
0
19826
271939
0
60494
0
64265
46770
177624
88118
27998
178396
153707
104588
150737
0
0
58012
30000
134920
29250
47322
0
103561
37573
0
176997
107520
56084
61128
101486
0
123647
0
103364
65796
36645
3244
481711
107177
29576
107198
0
49766
0
251881
264056
0
62035
343481
61303
140189
0
307329
115901
197243
117033
58318
0
28363
779704
206271
145323
0
118419
122771
150852
0
119785
0
264685
254938
175375
0
0
0
38847
220882
116189
139953
19590
48022
97257
104740
118801
63721
127615
40506
256028
271939
29229
83304
213046
78602
164639
58541
104842
4458
0
0
28638
29051
0
21593
157310
0
137594
0
108135
61387
126375
65579
22026
29796
0
271494
151176
259973
40458
164026
330
0
108865
27666
0
0
133899
106838
66426
429174
590492
591084
590096
150779
115404
4458
28183
28224
0
123911
273037
203962
107577
118898
104878
108626
104828
0
0
0
13771
34551
0
0
55326
1349022
3065
208110
66340
26409
185867
0
196371
82169
26761
193361
137100
25349
112163
0
102408
0
38963
18226
19920
46536
0
0
459522
180439
98980
944
43514
26741
4458
0
82489
50335
1678
4458
110456
107801
19527
100973
0
247226
114230
122468
635631
87069
78690
114763
180325
0
121547
65103
0
0
10513
24346
636366
140606
35250
124578
484151
80268
26509
0
247014
26674
0
75505
153366
100788
104305
5050
249985
0
83005
0
89004
0
0
0
19695
16049
61683
46864
208110
0
21825
21723
0
84706
19987
96908
26375
169407
484151
26322
104788
160495
27258
54624
46371
459522
33591
0
164185
5050
255369
125164
44178
221777
3296
3264
154518
102404
107211
4803
142126
0
0
11790
0
25568
64770
184827
55963
258562
310933
3274
112211
146544
129027
108366
113348
0
0
134408
106720
3296
176716
39442
114149
