31990
2949
0
25550
403
0
627
-15296
-4665
29063
0
0
0
-212
1643
-6600
-68495
2941
2800
8998
-68736
0
3560
0
-95141
-1251
-4861
-5303
0
13458
-3057
-167583
3320
-68495
0
2486
-203341
69
-6611
72
928
0
0
3086
76
-24506
-555
8383
-1393
27
47
-5130
-51878
4510
155
-4
-376
11947
-4432
-162
0
6071
6881
0
857
9333
0
11869
18241
-377
233
562
2631
-353
-489
787
0
-924
58
0
0
-2763
1957
39
-152
-211
0
-2811
0
3004
-5931
99
963
0
2376
0
0
-566
2954
259
2884
-711
-216974
0
0
-5209
-36065
-176
0
0
2558
2694
-124
12588
-141
630
-117
-39612
-6388
-68501
-5390
0
0
44382
80
-182
264
-180
2748
-158
-68471
70
-403
275
0
1558
6632
-365
0
0
-3584
-389
0
-5214
0
0
-390
-222
319
2698
10750
0
58
-253
-4553
679
-516
-386
953
-2967
-38
0
376
-267
58
0
0
0
-1427
828
-7297
411
202
213
138
1901
-351
2969
-439
2592
-240
94
2752
-66
-193
28446
-53093
-196
-148
7515
2969
-13166
1203
3325
-1355
2123
-362
71
2703
-384
0
2825
26
-103
2958
0
2915
0
3548
0
-2788
-213
3050
-2402
0
0
0
6306
-6600
-502
-394
0
-5115
0
12762
-566726
-165
0
-390
-51
-114221
2214
-164
0
0
52662
-1395
-68486
-373
5836
0
8966
-27
-316
26228
140
3179
0
274386
0
122
-410
-102
-848
2686
0
0
33304
0
0
1226
-4297
-41325
-6688
-7241
-1940
-6
11444
989
0
771
11427
2738
-373
0
-10196
0
2804
0
-516
0
-3260
0
651
2895
0
-36501
0
10513
-360
-370
-380
0
1632
0
0
2956
80
-94071
5907
0
-16936
-16890
1852
0
0
0
0
0
0
5164
-57744
8059
41687
124
38583
3452
19532
238
0
-57683
789
0
0
6062
0
0
4
9
-44717
18191
0
-5358
39129
14341
9301
1048
908
-387
8998
12515
15286
-11682
2667
0
0
27763
0
2159
14526
2343
0
-205
0
0
-8753
31710
0
-8293
0
4469
1567
612
0
80045
-6203
-1346
-15
6357
-294
0
74096
178711
-298
4554
-91
-317
435
941
-63742
5017
-281
23124
-414
0
4276
0
7560
3882
-132
-8108
0
11136
0
19424
287
-148
23412
2832
0
-114300
1052
0
0
-1643
-12330
50212
7986
0
0
81
-1276
2849
-169
-2543
-260
0
66
-1192
-1148
0
0
-56
-6454
0
-1186
1065
0
-1913
0
-373
3072
0
3388
0
22642
2455
2022
0
0
400619
-87
1054
103
-158
66868
28978
1276
3164
80816
-188
-261
0
0
2861
11016
36692
0
26202
-368
5135
0
-16155
0
-390
77
3720
8563
21
2918
2720
-28153
0
0
0
-72634
0
0
42059
0
0
0
-378
6108
-1034
-81051
0
5306
0
1900
-25663
2842
152
0
0
0
0
-4775
13260
10969
12930
0
16264
-36
2390
-56383
1196
98
2902
-27693
0
1165
0
0
0
0
19424
0
0
64
63
144
0
-5216
0
0
0
202
-446
-164716
-441
2455
2650
597
0
0
-16043
0
3807
2761
-366
-21
0
0
0
-131542
0
0
0
-13
-1077
2861
0
80
32
2768
2513
1112
3743
0
7614
-3692
2353
2322
2342
2427
-6328
-14872
2486
-45288
-553
8627
3006
0
-3240
2851
-4858
11009
3595
-1689
4162
2844
0
-3124
0
525
8152
4945
-553
1428
-176463
8989
2744
0
10129
-269967
-264
0
20799
8210
3060
-557
2458
0
0
4952
3344
2871
-69523
11572
2526
3090
2508
-237290
1886
2777
2906
7280
1475
3430
7100
431
2504
-15080
0
41631
11766
-14398
0
0
0
-2
-3976
-15387
0
10796
0
0
4711
-33155
-15631
0
-6006
0
120
31888
7997
0
622
8571
0
0
742
23088
19286
4481
469
0
-3999
0
2694
-101
1623
0
-48047
1810
-4937
60
2865
4733
0
0
3499
1998
44890
-109969
-114379
-17035
0
-3666
10070
2545
-2
2561
-2643
-1869
-1848
13217
0
10382
664
0
5162
175069
-85
5084
2679
20799
525
2959
0
2735
40595
1481
0
0
1077
-23914
0
4356
0
2359
-2340
5711
-4662
-542
-324
-3332
2719
4536
0
0
-4126
-553
2774
-453
4815
0
-50054
-1422
0
-1459
-3976
5240
2661
8029
0
-631
0
2913
2579
3973
0
6268
2863
-553
3232
0
-30642
0
3423
27569
0
2745
-48048
2623
3946
0
-69554
18139
11079
9248
2543
0
-4938
-118232
-23705
-7947
0
-15780
-53557
4249
0
5788
0
9396
3578
3007
0
0
0
14225
-4886
3548
3042
-373
-2335
11537
-64857
-8826
2302
9030
-286
51767
-23834
-553
-2364
2830
1312
2861
-1009
2016
-115644
0
0
-553
-453
0
-2576
9584
0
-28332
0
2540
8917
563
25136
1027
-433
0
5384
-4763
35430
-1839
3042
-48825
0
6596
-569
0
0
-15393
2874
2966
-60554
95522
96361
95896
4445
2966
0
-553
-546
0
229
12402
-5551
2794
-673
-3258
-494
13569
0
0
0
-13371
25631
0
0
4511
118469
0
2949
7173
-553
-17929
0
-13003
-13580
-191
-4765
-25241
-398
2935
0
20312
0
-228
-13665
-252
2465
0
0
19489
2861
-7092
-39833
-1894
-381
-106256
0
33338
49958
80
0
12065
471
-95
2945
0
-3971
9660
3215
-595994
2162
3176
19628
-1218
0
2670
-1996
0
0
-13
-2555
135254
2879
1089
10308
54778
829
-166
0
68106
-163
0
9763
1959
11527
3071
-7778
2275
0
-1749
0
348
0
0
0
17
114
726
-12063
2949
0
-448
407
0
43735
846
-19155
-364
31303
54778
-395
11408
11140
2121
4401
-12136
19489
-1751
0
5248
-7778
-4665
2969
118
23062
0
0
1056
2773
2877
-82023
3359
0
0
20
0
-694
89
6525
-485
-32922
-69952
0
2871
5749
4788
3008
2628
0
0
4116
2505
0
1676
-8753
6986
